a = -0.207920
b = 0.563928
